1.500000000000000000e+02 1.266864434821264544e-08
2.500000000000000000e+02 1.266374730332516080e-08
3.500000000000000000e+02 1.268273747709469801e-08
4.500000000000000000e+02 1.122328657329946614e-08
5.500000000000000000e+02 1.211370420417638213e-08
6.500000000000000000e+02 1.179017593317036262e-08
7.500000000000000000e+02 1.097279387419954901e-08
8.500000000000000000e+02 1.206242553740670944e-08
9.500000000000000000e+02 1.230852544143190407e-08
1.050000000000000000e+03 1.192622882927879946e-08
1.150000000000000000e+03 1.206953466781118012e-08
1.250000000000000000e+03 1.234750157229459527e-08
1.350000000000000000e+03 1.222115077170155648e-08
1.450000000000000000e+03 1.200107057836583429e-08
1.550000000000000000e+03 1.221688688221053611e-08
1.650000000000000000e+03 1.243561431201386116e-08
1.750000000000000000e+03 1.217996334829320341e-08
1.850000000000000000e+03 1.248783388947498768e-08
1.950000000000000000e+03 1.245678532020873344e-08
2.050000000000000000e+03 1.215597675045520890e-08
2.150000000000000000e+03 1.216270439618372237e-08
2.250000000000000000e+03 1.224493447835566826e-08
2.350000000000000000e+03 1.211432929428495545e-08
2.450000000000000000e+03 1.209726231308078436e-08
2.550000000000000000e+03 1.229868344897677989e-08
2.650000000000000000e+03 1.190875621157302374e-08
2.750000000000000000e+03 1.213358468407997733e-08
2.850000000000000000e+03 1.229415762454075443e-08
